
0.9|0.85|0.8|0.75|0.7|
Word Features
    0.9779874213836478 | 0.9769392033542977 | 0.9638364779874213 | 0.9672955974842767 | 0.9685534591194969
    
K50 - 3 iters:
    0.9203354297693921 | 0.9144654088050315 | 0.9135220125786163 | 0.9245283018867925 | 0.9245283018867925

K40 - 3 iters:
    0.9339622641509434 | 0.9245283018867925 | 0.9198113207547169 | 0.919496855345912  | 0.9182389937106918

K30 - 3 iters:
    0.9371069182389937 | 0.9350104821802935 | 0.9261006289308176 | 0.9245283018867925 | 0.9245283018867925

K20 - 3 iters:
    0.9339622641509434 | 0.9329140461215933 | 0.9166666666666666 | 0.9182389937106918 | 0.9213836477987422

K10 - 3 iters
    0.9025157232704403 | 0.9056603773584906 | 0.8962264150943396 | 0.8930817610062893 | 0.8962264150943396